解法1:
4   1   6   5   11  8   12  3   10  7   2   9   
8   12  2   11  9   1   5   6   4   3   12  8   
8   3   12  12  10  7   4   2   11  6   5   11  
11  6   11  8   7   12  3   1   9   9   4   10  
11  12  10  8   6   4   2   9   12  5   12  3   
9   12  12  3   5   10  11  8   6   12  12  1   
9   12  12  4   1   2   10  5   7   12  11  6   
11  11  7   2   4   6   8   12  9   10  3   2   
10  5   12  10  3   11  9   7   12  4   1   2   
11  2   11  10  12  9   6   4   5   8   7   5   
7   4   5   6   8   3   1   10  2   11  9   12  
12  8   1   9   2   5   7   11  3   6   10  4   
=========================END=========================
解法2:
4   1   6   5   11  8   12  3   10  7   2   9   
8   12  2   11  9   1   5   6   4   3   12  8   
8   3   12  12  10  7   4   2   11  6   5   11  
11  6   11  8   7   12  3   1   9   9   4   10  
11  12  10  8   6   4   2   9   12  5   12  3   
9   12  12  3   5   10  11  8   6   12  12  1   
9   12  12  4   1   2   10  5   7   12  11  6   
11  11  7   2   4   6   8   12  9   10  3   2   
10  5   12  10  3   11  9   7   12  4   1   2   
11  2   11  10  12  9   6   4   5   8   7   5   
7   4   5   6   8   3   1   10  2   11  9   12  
12  8   1   10  2   5   7   11  3   6   10  4   
=========================END=========================
解法3:
4   1   6   5   11  8   12  3   10  7   2   9   
8   12  2   11  9   1   5   6   4   3   12  8   
8   3   12  12  10  7   4   2   11  6   5   11  
11  6   11  8   7   12  3   1   9   9   4   10  
11  12  10  8   6   4   2   9   12  5   12  3   
9   12  12  3   5   10  11  8   6   12  12  1   
9   12  12  4   1   2   10  5   7   12  11  6   
11  11  7   2   4   6   8   12  9   10  3   2   
10  5   12  10  3   11  9   7   12  4   1   2   
11  2   11  10  12  9   6   4   5   8   7   5   
7   4   5   6   8   3   1   10  2   11  9   12  
12  8   3   10  2   5   7   11  3   6   10  4   
=========================END=========================
解法4:
4   1   6   5   11  8   12  3   10  7   2   9   
8   12  2   11  9   1   5   6   4   3   12  8   
8   3   12  12  10  7   4   2   11  6   5   11  
11  6   11  8   7   12  3   1   9   9   4   10  
11  12  10  8   6   4   2   9   12  5   12  3   
9   12  12  3   5   10  11  8   6   12  12  1   
9   12  12  4   1   2   10  5   7   12  11  6   
11  11  7   2   4   6   8   12  9   10  3   2   
10  5   12  10  3   11  9   7   12  4   1   2   
11  2   11  10  12  9   6   4   5   8   7   5   
7   4   5   6   8   3   1   10  2   11  9   12  
12  8   9   10  2   5   7   11  3   6   10  4   
=========================END=========================
解法5:
4   1   6   5   11  8   12  3   10  7   2   9   
8   12  2   11  9   1   5   6   4   3   12  8   
8   3   12  12  10  7   4   2   11  6   5   11  
11  6   11  8   7   12  3   1   9   9   4   10  
11  12  10  8   6   4   2   9   12  5   12  3   
9   12  12  3   5   10  11  8   6   12  12  1   
9   12  12  4   1   2   10  5   7   12  11  6   
11  11  7   2   4   6   8   12  9   10  3   2   
10  5   12  10  3   11  9   7   12  4   1   2   
11  2   11  10  12  9   6   4   5   8   7   5   
7   4   5   6   8   3   1   10  2   11  9   12  
12  9   9   10  2   5   7   11  3   6   10  4   
=========================END=========================
解法6:
4   1   6   5   11  8   12  3   10  7   2   9   
8   12  2   11  9   1   5   6   4   3   12  8   
8   3   12  12  10  7   4   2   11  6   5   11  
11  6   11  8   7   12  3   1   9   9   4   10  
11  12  10  8   6   4   2   9   12  5   12  3   
9   12  12  3   5   10  11  8   6   12  12  1   
9   12  12  4   1   2   10  5   7   12  11  6   
11  11  7   2   4   6   8   12  9   10  3   2   
10  5   12  10  3   11  9   7   12  4   1   2   
11  2   11  10  12  9   6   4   5   8   7   5   
7   4   5   6   8   3   1   10  2   11  9   12  
12  10  9   10  2   5   7   11  3   6   10  4   
=========================END=========================
解法7:
4   1   6   5   11  8   12  3   10  7   2   9   
10  12  2   11  9   1   5   6   4   3   12  8   
8   3   12  12  10  7   4   2   11  6   5   11  
11  6   11  8   7   12  3   1   9   9   4   10  
11  12  10  8   6   4   2   9   12  5   12  3   
9   12  12  3   5   10  11  8   6   12  12  1   
9   12  12  4   1   2   10  5   7   12  11  6   
11  11  7   2   4   6   8   12  9   10  3   2   
10  5   12  10  3   11  9   7   12  4   1   2   
11  2   11  10  12  9   6   4   5   8   7   5   
7   4   5   6   8   3   1   10  2   11  9   12  
12  10  9   10  2   5   7   11  3   6   10  4   
=========================END=========================
解法8:
4   1   6   7   11  8   12  3   10  7   2   9   
10  12  2   11  9   1   5   6   4   3   12  8   
8   3   12  12  10  7   4   2   11  6   5   11  
11  6   11  8   7   12  3   1   9   9   4   10  
11  12  10  8   6   4   2   9   12  5   12  3   
9   12  12  3   5   10  11  8   6   12  12  1   
9   12  12  4   1   2   10  5   7   12  11  6   
11  11  7   2   4   6   8   12  9   10  3   2   
10  5   12  10  3   11  9   7   12  4   1   2   
11  2   11  10  12  9   6   4   5   8   7   5   
7   4   5   6   8   3   1   10  2   11  9   12  
12  10  9   10  2   5   7   11  3   6   10  4   
=========================END=========================
解法9:
4   1   6   10  11  8   12  3   10  7   2   9   
10  12  2   11  9   1   5   6   4   3   12  8   
8   3   12  12  10  7   4   2   11  6   5   11  
11  6   11  8   7   12  3   1   9   9   4   10  
11  12  10  8   6   4   2   9   12  5   12  3   
9   12  12  3   5   10  11  8   6   12  12  1   
9   12  12  4   1   2   10  5   7   12  11  6   
11  11  7   2   4   6   8   12  9   10  3   2   
10  5   12  10  3   11  9   7   12  4   1   2   
11  2   11  10  12  9   6   4   5   8   7   5   
7   4   5   6   8   3   1   10  2   11  9   12  
12  10  9   10  2   5   7   11  3   6   10  4   
=========================END=========================
解法10:
4   7   6   10  11  8   12  3   10  7   2   9   
10  12  2   11  9   1   5   6   4   3   12  8   
8   3   12  12  10  7   4   2   11  6   5   11  
11  6   11  8   7   12  3   1   9   9   4   10  
11  12  10  8   6   4   2   9   12  5   12  3   
9   12  12  3   5   10  11  8   6   12  12  1   
9   12  12  4   1   2   10  5   7   12  11  6   
11  11  7   2   4   6   8   12  9   10  3   2   
10  5   12  10  3   11  9   7   12  4   1   2   
11  2   11  10  12  9   6   4   5   8   7   5   
7   4   5   6   8   3   1   10  2   11  9   12  
12  10  9   10  2   5   7   11  3   6   10  4   
=========================END=========================
解法11:
4   10  6   10  11  8   12  3   10  7   2   9   
10  12  2   11  9   1   5   6   4   3   12  8   
8   3   12  12  10  7   4   2   11  6   5   11  
11  6   11  8   7   12  3   1   9   9   4   10  
11  12  10  8   6   4   2   9   12  5   12  3   
9   12  12  3   5   10  11  8   6   12  12  1   
9   12  12  4   1   2   10  5   7   12  11  6   
11  11  7   2   4   6   8   12  9   10  3   2   
10  5   12  10  3   11  9   7   12  4   1   2   
11  2   11  10  12  9   6   4   5   8   7   5   
7   4   5   6   8   3   1   10  2   11  9   12  
12  10  9   10  2   5   7   11  3   6   10  4   
=========================END=========================
